id,dam,sire,gen,eggs_clutch_id,eggs_maternal_id,worm_full_sib_fam_id,worm_maternal_id,worm_paternal_id,maternal_match,both_parents_typed,outcrossed,breeder_genotype_markerScso22_allele1,breeder_genotype_markerScso22_allele2,maternal_genotype_markerScso22_allele1,maternal_genotype_markerScso22_allele2,paternal_genotype_markerScso22_allele1,paternal_genotype_markerScso22_allele2,breeder_genotype_markerSch1_allele1,breeder_genotype_markerSch1_allele2,maternal_genotype_markerSch1_allele1,maternal_genotype_markerSch1_allele2,paternal_genotype_markerSch1_allele1,paternal_genotype_markerSch1_allele2,breeder_genotype_markerScso29_allele1,breeder_genotype_markerScso29_allele2,maternal_genotype_markerScso29_allele1,maternal_genotype_markerScso29_allele2,paternal_genotype_markerScso29_allele1,paternal_genotype_markerScso29_allele2,breeder_genotype_markerScso24_allele1,breeder_genotype_markerScso24_allele2,maternal_genotype_markerScso24_allele1,maternal_genotype_markerScso24_allele2,paternal_genotype_markerScso24_allele1,paternal_genotype_markerScso24_allele2
1,,,,A,0_A_1,,,,,0,,,,,,,,,,,,,,,,,,,,,,,,,
2,,,,A,0_A_2,,,,,0,,,,,,,,,,,,,,,,,,,,,,,,,
3,,,,B,0_B_3,,,,,0,,,,,,,,,,,,,,,,,,,,,,,,,
4,,,,B,0_B_4,,,,,0,,,,,,,,,,,,,,,,,,,,,,,,,
5,,,,D,0_D_5,,,,,0,,,,,,,,,,,,,,,,,,,,,,,,,
6,,,,D,0_D_6,,,,,0,,,,,,,,,,,,,,,,,,,,,,,,,
7,,,,E,0_E_7,,,,,0,,,,,,,,,,,,,,,,,,,,,,,,,
8,,,,E,0_E_8,,,,,0,,,,,,,,,,,,,,,,,,,,,,,,,
10,,,,F,0_F_10,,,,,0,,,,,,,,,,,,,,,,,,,,,,,,,
9,,,,F,0_F_9,,,,,0,,,,,,,,,,,,,,,,,,,,,,,,,
11,,,,H,0_H_11,,,,,0,,,,,,,,,,,,,,,,,,,,,,,,,
12,,,,H,0_H_12,,,,,0,,,,,,,,,,,,,,,,,,,,,,,,,
13,,,,I,0_I_13,,,,,0,,,,,,,,,,,,,,,,,,,,,,,,,
14,,,,I,0_I_14,,,,,0,,,,,,,,,,,,,,,,,,,,,,,,,
15,,,,OC1,0_OC1_15,,,,,0,,130,132,,,,,144,144,,,,,96,99,,,,,153,156,,,,
16,,,,OC1,0_OC1_16,,,,,0,,130,136,,,,,141,148,,,,,99,101,,,,,156,159,,,,
31,,,,OC10,0_OC10_31,,,,,0,,124,138,,,,,138,144,,,,,99,101,,,,,153,156,,,,
32,,,,OC10,0_OC10_32,,,,,0,,143,143,,,,,138,141,,,,,99,101,,,,,153,153,,,,
33,,,,OC11,0_OC11_33,,,,,0,,127,129,,,,,147,147,,,,,99,99,,,,,156,166,,,,
34,,,,OC11,0_OC11_34,,,,,0,,127,141,,,,,147,149,,,,,93,99,,,,,150,159,,,,
35,,,,OC12,0_OC12_35,,,,,0,,129,129,,,,,145,145,,,,,96,99,,,,,150,166,,,,
36,,,,OC12,0_OC12_36,,,,,0,,129,139,,,,,142,145,,,,,99,107,,,,,156,169,,,,
37,,,,OC13,0_OC13_37,,,,,0,,116,132,,,,,149,152,,,,,99,104,,,,,153,159,,,,
38,,,,OC13,0_OC13_38,,,,,0,,112,130,,,,,147,147,,,,,99,101,,,,,159,159,,,,
39,,,,OC14,0_OC14_39,,,,,0,,130,134,,,,,147,147,,,,,99,104,,,,,159,166,,,,
40,,,,OC14,0_OC14_40,,,,,0,,138,139,,,,,147,147,,,,,99,99,,,,,159,162,,,,
41,,,,OC15,0_OC15_41,,,,,0,,111,127,,,,,145,149,,,,,99,99,,,,,156,159,,,,
42,,,,OC15,0_OC15_42,,,,,0,,125,129,,,,,138,149,,,,,99,101,,,,,159,159,,,,
17,,,,OC2,0_OC2_17,,,,,0,,131,131,,,,,149,151,,,,,99,99,,,,,159,166,,,,
18,,,,OC2,0_OC2_18,,,,,0,,119,125,,,,,142,147,,,,,99,99,,,,,156,159,,,,
19,,,,OC3,0_OC3_19,,,,,0,,128,136,,,,,151,151,,,,,99,99,,,,,156,169,,,,
20,,,,OC3,0_OC3_20,,,,,0,,120,130,,,,,149,151,,,,,99,101,,,,,150,153,,,,
21,,,,OC4,0_OC4_21,,,,,0,,134,134,,,,,142,151,,,,,99,101,,,,,150,166,,,,
22,,,,OC4,0_OC4_22,,,,,0,,130,130,,,,,149,149,,,,,99,99,,,,,159,159,,,,
23,,,,OC5,0_OC5_23,,,,,0,,112,139,,,,,142,150,,,,,93,101,,,,,153,159,,,,
24,,,,OC5,0_OC5_24,,,,,0,,132,138,,,,,147,151,,,,,99,101,,,,,**,**,,,,
25,,,,OC6,0_OC6_25,,,,,0,,133,141,,,,,158,158,,,,,101,101,,,,,156,156,,,,
26,,,,OC6,0_OC6_26,,,,,0,,129,137,,,,,149,161,,,,,99,99,,,,,159,159,,,,
27,,,,OC8,0_OC8_27,,,,,0,,129,131,,,,,151,151,,,,,93,99,,,,,153,159,,,,
28,,,,OC8,0_OC8_28,,,,,0,,130,134,,,,,147,149,,,,,99,99,,,,,156,159,,,,
29,,,,OC9,0_OC9_29,,,,,0,,130,132,,,,,140,140,,,,,96,104,,,,,159,169,,,,
30,,,,OC9,0_OC9_30,,,,,0,,136,136,,,,,149,149,,,,,96,99,,,,,153,159,,,,
43,,,,P,0_P_43,,,,,0,,132,132,,,,,139,147,,,,,99,101,,,,,**,**,,,,
44,,,,P,0_P_44,,,,,0,,128,136,,,,,144,146,,,,,99,101,,,,,150,156,,,,
45,,,,Q,0_Q_45,,,,,0,,126,132,,,,,140,159,,,,,99,101,,,,,153,159,,,,
46,,,,Q,0_Q_46,,,,,0,,130,139,,,,,140,140,,,,,96,99,,,,,150,159,,,,
47,,,,R,0_R_47,,,,,0,,110,132,,,,,149,151,,,,,99,99,,,,,156,156,,,,
48,,,,R,0_R_48,,,,,0,,130,132,,,,,147,149,,,,,101,101,,,,,156,159,,,,
49,,,,S,0_S_49,,,,,0,,132,134,,,,,149,149,,,,,101,104,,,,,153,156,,,,
50,,,,S,0_S_50,,,,,0,,111,128,,,,,149,153,,,,,99,99,,,,,**,**,,,,
51,,,,T,0_T_51,,,,,0,,129,136,,,,,147,147,,,,,96,101,,,,,156,159,,,,
52,,,,T,0_T_52,,,,,0,,128,130,,,,,140,147,,,,,96,101,,,,,159,162,,,,
53,,,,U,0_U_53,,,,,0,,130,136,,,,,149,151,,,,,99,101,,,,,153,159,,,,
54,,,,U,0_U_54,,,,,0,,124,132,,,,,139,150,,,,,99,101,,,,,159,159,,,,
55,,,,V,0_V_55,,,,,0,,120,130,,,,,145,151,,,,,99,99,,,,,156,156,,,,
56,,,,V,0_V_56,,,,,0,,130,132,,,,,140,147,,,,,96,101,,,,,166,166,,,,
57,,,,W,0_W_57,,,,,0,,124,130,,,,,142,142,,,,,99,99,,,,,153,159,,,,
58,,,,W,0_W_58,,,,,0,,124,132,,,,,138,147,,,,,99,101,,,,,150,150,,,,
59,,,,X,0_X_59,,,,,0,,136,136,,,,,142,149,,,,,99,104,,,,,153,159,,,,
60,,,,X,0_X_60,,,,,0,,128,128,,,,,149,151,,,,,99,101,,,,,156,162,,,,
61,,,,Y,0_Y_61,,,,,0,,112,132,,,,,144,149,,,,,99,99,,,,,159,169,,,,
62,,,,Y,0_Y_62,,,,,0,,132,134,,,,,153,155,,,,,93,101,,,,,150,153,,,,
63,,,,Z,0_Z_63,,,,,0,,132,139,,,,,145,152,,,,,96,99,,,,,153,156,,,,
64,,,,Z,0_Z_64,,,,,0,,128,130,,,,,142,157,,,,,99,99,,,,,156,159,,,,
267,3,4,0,1_C1,1_C1_A,0_B,0_B_3,0_B_4,2,0,,119,125,,,,,140,140,,,,,99,101,,,,,150,156,,,,
66,64,63,0,1_C1,1_C1_B,0_Z,0_Z_64,0_Z_63,2,1,1,129,131,128,130,132,139,142,151,142,157,145,152,96,99,99,99,96,99,153,156,156,159,153,156
1995,47,48,0,1_C10,1_C10_A,0_R,0_R_47,0_R_48,2,1,1,129,131,110,132,130,132,149,149,149,151,147,149,99,101,99,99,101,101,156,159,156,156,156,159
1446,36,35,0,1_C10,1_C10_B,0_OC12,0_OC12_36,0_OC12_35,2,1,1,129,139,129,139,129,129,142,148,142,145,145,145,99,99,99,107,96,99,150,156,156,169,150,166
1648,56,55,0,1_C11,1_C11_A,0_V,0_V_56,0_V_55,2,1,1,119,131,130,132,120,130,139,144,140,147,145,151,96,99,96,101,99,99,156,166,166,166,156,156
1793,41,42,0,1_C11,1_C11_B,0_OC15,0_OC15_41,0_OC15_42,2,1,1,111,125,111,127,125,129,138,142,145,149,138,149,99,99,99,99,99,101,159,159,156,159,159,159
799,27,28,0,1_C2,1_C2_A,0_OC8,0_OC8_27,0_OC8_28,2,1,1,129,131,129,131,130,134,149,151,151,151,147,149,99,99,93,99,99,99,159,159,153,159,156,159
1359,51,52,0,1_C2,1_C2_B,0_T,0_T_51,0_T_52,2,1,1,127,129,129,136,128,130,146,149,147,147,140,147,96,96,96,101,96,101,159,159,156,159,159,162
538,56,55,0,1_C3,1_C3_A,0_V,0_V_56,0_V_55,2,1,1,130,132,130,132,120,130,145,156,140,147,145,151,96,99,96,101,99,99,166,166,166,166,156,156
980,50,49,0,1_C3,1_C3_B,0_S,0_S_50,0_S_49,2,1,1,128,132,111,128,132,134,141,146,149,153,149,149,99,104,99,99,101,104,150,150,**,**,153,156
1241,37,38,0,1_C4,1_C4_A,0_OC13,0_OC13_37,0_OC13_38,2,1,1,111,131,116,132,112,130,140,147,149,152,147,147,99,101,99,104,99,101,166,166,153,159,159,159
894,6,5,0,1_C4,1_C4_B,0_D,0_D_6,0_D_5,2,0,,137,139,,,,,142,149,,,,,96,99,,,,,153,166,,,,
1174,36,35,0,1_C5,1_C5_A,0_OC12,0_OC12_36,0_OC12_35,2,1,1,129,139,129,139,129,129,145,145,142,145,145,145,99,107,99,107,96,99,166,169,156,169,150,166
476,54,53,0,1_C5,1_C5_B,0_U,0_U_54,0_U_53,2,1,1,123,129,124,132,130,136,149,151,139,150,149,151,99,101,99,101,99,101,159,159,159,159,153,159
1097,39,40,0,1_C6,1_C6_A,0_OC14,0_OC14_39,0_OC14_40,2,1,1,129,139,130,134,138,139,147,149,147,147,147,147,99,99,99,104,99,99,**,**,159,166,159,162
1225,51,52,0,1_C6,1_C6_B,0_T,0_T_51,0_T_52,2,1,2,127,134,129,136,128,130,147,152,147,147,140,147,96,96,96,101,96,101,159,162,156,159,159,162
1336,46,45,0,1_C7,1_C7_A,0_Q,0_Q_46,0_Q_45,2,1,1,126,130,130,139,126,132,146,146,140,140,140,159,99,99,96,99,99,101,159,159,150,159,153,159
758,6,5,0,1_C7,1_C7_B,0_D,0_D_6,0_D_5,2,0,,137,139,,,,,142,149,,,,,96,99,,,,,156,159,,,,
1910,62,61,0,1_C8,1_C8_A,0_Y,0_Y_62,0_Y_61,2,1,1,111,131,132,134,112,132,150,150,153,155,144,149,93,99,93,101,99,99,166,166,150,153,159,169
1773,45,46,0,1_C8,1_C8_B,0_Q,0_Q_45,0_Q_46,2,1,1,125,139,126,132,130,139,152,152,140,159,140,140,96,99,99,101,96,99,159,159,153,159,150,159
1717,39,40,0,1_C9,1_C9_A,0_OC14,0_OC14_39,0_OC14_40,2,1,1,129,137,130,134,138,139,151,151,147,147,147,147,99,99,99,104,99,99,159,159,159,166,159,162
1785,45,46,0,1_C9,1_C9_B,0_Q,0_Q_45,0_Q_46,2,1,1,129,131,126,132,130,139,140,159,140,159,140,140,96,99,99,101,96,99,150,159,153,159,150,159
375,63,64,0,1_F1,1_F1_A,0_Z,0_Z_63,0_Z_64,2,1,1,130,132,132,139,128,130,140,145,145,152,142,157,96,99,96,99,99,99,144,144,153,156,156,159
398,22,21,0,1_F1,1_F1_B,0_OC4,0_OC4_22,0_OC4_21,2,1,1,134,145,130,130,134,134,144,157,149,149,142,151,99,99,99,99,99,101,150,159,159,159,150,166
621,25,26,0,1_F10,1_F10_A,0_OC6,0_OC6_25,0_OC6_26,2,1,1,137,141,133,141,129,137,159,161,158,158,149,161,99,101,101,101,99,99,156,159,156,156,159,159
562,34,33,0,1_F10,1_F10_B,0_OC11,0_OC11_34,0_OC11_33,2,1,1,129,141,127,141,127,129,147,149,147,149,147,147,93,99,93,99,99,99,166,166,150,159,156,166
2003,47,48,0,1_F11,1_F11_A,0_R,0_R_47,0_R_48,2,1,1,109,131,110,132,130,132,140,140,149,151,147,149,99,101,99,99,101,101,156,159,156,156,156,159
1649,55,56,0,1_F11,1_F11_B,0_V,0_V_55,0_V_56,2,1,1,129,131,120,130,130,132,144,147,145,151,140,147,99,101,99,99,96,101,156,166,156,156,166,166
70,64,63,0,1_F2,1_F2_A,0_Z,0_Z_64,0_Z_63,2,1,1,130,139,128,130,132,139,142,145,142,157,145,152,96,99,99,99,96,99,153,159,156,159,153,156
140,2,1,0,1_F2,1_F2_B,0_A,0_A_2,0_A_1,2,0,,139,143,,,,,140,144,,,,,99,101,,,,,144,156,,,,
447,13,14,0,1_F3,1_F3_A,0_I,0_I_13,0_I_14,2,0,,130,139,,,,,151,155,,,,,**,**,,,,,**,**,,,,
374,64,63,0,1_F3,1_F3_B,0_Z,0_Z_64,0_Z_63,2,1,2,134,134,128,130,132,139,157,165,142,157,145,152,101,101,99,99,96,99,156,156,156,159,153,156
191,59,60,0,1_F4,1_F4_A,0_X,0_X_59,0_X_60,2,1,1,136,143,136,136,128,128,139,157,142,149,149,151,101,104,99,104,99,101,156,159,153,159,156,162
229,23,24,0,1_F4,1_F4_B,0_OC5,0_OC5_23,0_OC5_24,2,1,1,137,139,112,139,132,138,138,152,142,150,147,151,93,99,93,101,99,101,153,159,153,159,**,**
1139,45,46,0,1_F5,1_F5_A,0_Q,0_Q_45,0_Q_46,2,1,1,123,137,126,132,130,139,142,147,140,159,140,140,99,101,99,101,96,99,150,153,153,159,150,159
1123,45,46,0,1_F5,1_F5_B,0_Q,0_Q_45,0_Q_46,2,1,1,125,139,126,132,130,139,142,161,140,159,140,140,96,101,99,101,96,99,159,159,153,159,150,159
1126,46,45,0,1_F6,1_F6_A,0_Q,0_Q_46,0_Q_45,2,1,1,125,129,130,139,126,132,140,159,140,140,140,159,96,101,96,99,99,101,150,159,150,159,153,159
1070,38,37,0,1_F6,1_F6_B,0_OC13,0_OC13_38,0_OC13_37,2,1,1,111,115,112,130,116,132,149,149,147,147,149,152,101,104,99,101,99,104,153,159,159,159,153,159
1122,46,45,0,1_F7,1_F7_A,0_Q,0_Q_46,0_Q_45,2,1,1,129,131,130,139,126,132,141,141,140,140,140,159,99,101,96,99,99,101,**,**,150,159,153,159
479,53,54,0,1_F7,1_F7_B,0_U,0_U_53,0_U_54,2,1,1,124,136,130,136,124,132,145,151,149,151,139,150,99,101,99,101,99,101,159,159,153,159,159,159
473,53,54,0,1_F8,1_F8_A,0_U,0_U_53,0_U_54,2,1,1,124,130,130,136,124,132,140,148,149,151,139,150,99,99,99,101,99,101,153,159,153,159,159,159
1274,12,11,0,1_F8,1_F8_B,0_H,0_H_12,0_H_11,2,0,,132,136,,,,,136,142,,,,,99,101,,,,,153,159,,,,
983,49,50,0,1_F9,1_F9_A,0_S,0_S_49,0_S_50,2,1,1,128,134,132,134,111,128,146,157,149,149,149,153,99,101,101,104,99,99,153,153,153,156,**,**
619,25,26,0,1_F9,1_F9_B,0_OC6,0_OC6_25,0_OC6_26,2,1,1,129,141,133,141,129,137,148,158,158,158,149,161,99,101,101,101,99,99,156,159,156,156,159,159
313,61,62,0,1_S1,1_S1_A,0_Y,0_Y_61,0_Y_62,2,1,1,111,131,112,132,132,134,145,153,144,149,153,155,93,99,99,99,93,101,153,169,159,169,150,153
318,62,61,0,1_S1,1_S1_B,0_Y,0_Y_62,0_Y_61,2,1,1,131,133,132,134,112,132,144,155,153,155,144,149,99,101,93,101,99,99,153,159,150,153,159,169
1831,53,54,0,1_S10,1_S10_A,0_U,0_U_53,0_U_54,2,1,1,123,129,130,136,124,132,140,149,149,151,139,150,99,101,99,101,99,101,159,159,153,159,159,159
1957,19,20,0,1_S10,1_S10_B,0_OC3,0_OC3_19,0_OC3_20,2,1,1,129,134,128,136,120,130,148,148,151,151,149,151,99,99,99,99,99,101,150,169,156,169,150,153
1799,41,42,0,1_S11,1_S11_A,0_OC15,0_OC15_41,0_OC15_42,2,1,1,111,125,111,127,125,129,138,145,145,149,138,149,99,99,99,99,99,101,159,159,156,159,159,159
1908,62,61,0,1_S11,1_S11_B,0_Y,0_Y_62,0_Y_61,2,1,1,111,134,132,134,112,132,138,149,153,155,144,149,93,99,93,101,99,99,153,159,150,153,159,169
939,29,30,0,1_S2,1_S2_A,0_OC9,0_OC9_29,0_OC9_30,2,1,1,131,137,130,132,136,136,140,149,140,140,149,149,99,104,96,104,96,99,159,169,159,169,153,159
914,58,57,0,1_S2,1_S2_B,0_W,0_W_58,0_W_57,2,1,2,123,131,124,132,124,130,148,150,138,147,142,142,99,99,99,101,99,99,**,**,150,150,153,159
654,32,31,0,1_S3,1_S3_A,0_OC10,0_OC10_32,0_OC10_31,2,1,1,138,145,143,143,124,138,141,153,138,141,138,144,99,101,99,101,99,101,156,156,153,153,153,156
603,53,54,0,1_S3,1_S3_B,0_U,0_U_53,0_U_54,2,1,1,130,132,130,136,124,132,141,144,149,151,139,150,99,101,99,101,99,101,153,159,153,159,159,159
1217,51,52,0,1_S4,1_S4_A,0_T,0_T_51,0_T_52,2,1,1,127,134,129,136,128,130,140,144,147,147,140,147,96,101,96,101,96,101,156,162,156,159,159,162
1127,45,46,0,1_S4,1_S4_B,0_Q,0_Q_45,0_Q_46,2,1,1,129,131,126,132,130,139,145,147,140,159,140,140,99,101,99,101,96,99,159,159,153,159,150,159
857,31,32,0,1_S5,1_S5_A,0_OC10,0_OC10_31,0_OC10_32,2,1,1,137,141,124,138,143,143,147,149,138,144,138,141,99,99,99,101,99,101,153,156,153,156,153,153
818,56,55,0,1_S5,1_S5_B,0_V,0_V_56,0_V_55,2,1,1,119,131,130,132,120,130,140,145,140,147,145,151,99,101,96,101,99,99,156,166,166,166,156,156
1409,41,42,0,1_S6,1_S6_A,0_OC15,0_OC15_41,0_OC15_42,2,1,1,111,129,111,127,125,129,145,149,145,149,138,149,99,99,99,99,99,101,156,159,156,159,159,159
1207,9,10,0,1_S6,1_S6_B,0_F,0_F_9,0_F_10,2,0,,129,129,,,,,149,149,,,,,96,99,,,,,150,159,,,,
1819,53,54,0,1_S7,1_S7_A,0_U,0_U_53,0_U_54,2,1,1,124,130,130,136,124,132,137,144,149,151,139,150,101,101,99,101,99,101,153,159,153,159,159,159
1724,30,29,0,1_S7,1_S7_B,0_OC9,0_OC9_30,0_OC9_29,2,1,1,130,138,136,136,130,132,136,144,149,149,140,140,96,96,96,99,96,104,153,159,153,159,159,169
1935,19,20,0,1_S8,1_S8_A,0_OC3,0_OC3_19,0_OC3_20,2,1,1,119,134,128,136,120,130,148,148,151,151,149,151,99,99,99,99,99,101,150,166,156,169,150,153
1712,40,39,0,1_S8,1_S8_B,0_OC14,0_OC14_40,0_OC14_39,2,1,1,129,138,138,139,130,134,148,150,147,147,147,147,99,99,99,99,99,104,159,162,159,162,159,166
1914,28,27,0,1_S9,1_S9_A,0_OC8,0_OC8_28,0_OC8_27,2,1,1,129,131,130,134,129,131,147,151,147,149,151,151,93,99,99,99,93,99,153,156,156,159,153,159
1610,32,31,0,1_S9,1_S9_B,0_OC10,0_OC10_32,0_OC10_31,2,1,1,123,143,143,143,124,138,151,151,138,141,138,144,99,101,99,101,99,101,153,153,153,153,153,156
3129,758,1336,1,2_C1,2_C1_A,1_C7,1_C7_B,1_C7_A,0,1,1,126,138,137,139,126,130,140,140,142,149,146,146,96,99,96,99,99,99,156,159,156,159,159,159
2671,1174,476,1,2_C1,2_C1_B,1_C5,1_C5_A,1_C5_B,0,1,1,130,139,129,139,123,129,145,151,145,145,149,151,101,107,99,107,99,101,159,169,166,169,159,159
3826,1773,1910,1,2_C10,2_C10_A,1_C8,1_C8_B,1_C8_A,0,1,1,125,131,125,139,111,131,140,149,152,152,150,150,93,96,96,99,93,99,159,159,159,159,166,166
3626,1446,1995,1,2_C10,2_C10_B,1_C10,1_C10_B,1_C10_A,0,1,1,129,129,129,139,129,131,145,149,142,148,149,149,99,99,99,99,99,101,150,159,150,156,156,159
3635,1995,1446,1,2_C11,2_C11_A,1_C10,1_C10_A,1_C10_B,0,1,1,129,139,129,131,129,139,142,149,149,149,142,148,99,99,99,101,99,99,150,159,156,159,150,156
4520,476,1174,1,2_C11,2_C11_B,1_C5,1_C5_B,1_C5_A,0,1,1,124,139,123,129,129,139,145,151,149,151,145,145,99,99,99,101,99,107,159,169,159,159,166,169
3882,1995,1446,1,2_C12,2_C12_A,1_C10,1_C10_A,1_C10_B,0,1,1,129,131,129,131,129,139,142,149,149,149,142,148,99,99,99,101,99,99,156,159,156,159,150,156
4440,1773,1910,1,2_C12,2_C12_B,1_C8,1_C8_B,1_C8_A,0,1,1,112,139,125,139,111,131,140,153,152,152,150,150,99,99,96,99,93,99,150,159,159,159,166,166
3447,1717,1785,1,2_C13,2_C13_A,1_C9,1_C9_A,1_C9_B,0,1,1,131,137,129,137,129,131,140,151,151,151,140,159,99,99,99,99,96,99,150,159,159,159,150,159
4141,1785,1717,1,2_C13,2_C13_B,1_C9,1_C9_B,1_C9_A,0,1,1,129,129,129,131,129,137,140,151,140,159,151,151,96,99,96,99,99,99,159,159,150,159,159,159
3457,1717,1785,1,2_C14,2_C14_A,1_C9,1_C9_A,1_C9_B,0,1,1,129,131,129,137,129,131,140,151,151,151,140,159,99,99,99,99,96,99,150,159,159,159,150,159
4449,1910,1773,1,2_C14,2_C14_B,1_C8,1_C8_A,1_C8_B,0,1,1,111,139,111,131,125,139,140,153,150,150,152,152,96,99,93,99,96,99,159,159,166,166,159,159
4586,1785,1717,1,2_C15,2_C15_A,1_C9,1_C9_B,1_C9_A,0,1,1,132,138,129,131,129,137,151,159,140,159,151,151,96,99,96,99,99,99,150,159,150,159,159,159
3536,1793,1648,1,2_C15,2_C15_B,1_C11,1_C11_B,1_C11_A,0,1,1,111,119,111,125,119,131,147,149,138,142,139,144,96,99,99,99,96,99,156,159,159,159,156,166
2487,1336,758,1,2_C2,2_C2_A,1_C7,1_C7_A,1_C7_B,0,1,1,130,138,126,130,137,139,140,149,146,146,142,149,96,99,99,99,96,99,156,159,159,159,156,159
2142,1241,894,1,2_C2,2_C2_B,1_C4,1_C4_A,1_C4_B,0,1,1,132,139,111,131,137,139,149,152,140,147,142,149,99,101,99,101,96,99,159,166,166,166,153,166
2020,476,1174,1,2_C3,2_C3_A,1_C5,1_C5_B,1_C5_A,0,1,1,124,139,123,129,129,139,145,149,149,151,145,145,99,101,99,101,99,107,159,169,159,159,166,169
2154,267,66,1,2_C3,2_C3_B,1_C1,1_C1_A,1_C1_B,0,1,1,125,131,119,125,129,131,142,151,140,140,142,151,99,99,99,101,96,99,156,156,150,156,153,156
2634,980,538,1,2_C4,2_C4_A,1_C3,1_C3_B,1_C3_A,0,1,2,122,137,128,132,130,132,149,151,141,146,145,156,99,104,99,104,96,99,150,156,150,150,166,166
3281,894,1241,1,2_C4,2_C4_B,1_C4,1_C4_B,1_C4_A,0,1,2,111,111,137,139,111,131,140,147,142,149,140,147,96,101,96,99,99,101,153,159,153,166,166,166
2568,758,1336,1,2_C5,2_C5_A,1_C7,1_C7_B,1_C7_A,0,1,1,126,139,137,139,126,130,140,149,142,149,146,146,96,99,96,99,99,99,159,159,156,159,159,159
2705,1097,1225,1,2_C5,2_C5_B,1_C6,1_C6_A,1_C6_B,0,1,1,128,139,129,139,127,134,145,147,147,149,147,152,96,99,99,99,96,96,159,159,**,**,159,162
2706,1097,1225,1,2_C6,2_C6_A,1_C6,1_C6_A,1_C6_B,0,1,1,130,138,129,139,127,134,140,140,147,149,147,152,96,99,99,99,96,96,159,159,**,**,159,162
2579,1336,758,1,2_C6,2_C6_B,1_C7,1_C7_A,1_C7_B,0,1,1,128,139,126,130,137,139,145,147,146,146,142,149,96,99,99,99,96,99,159,162,159,159,156,159
4315,1446,1995,1,2_C7,2_C7_A,1_C10,1_C10_B,1_C10_A,0,1,2,129,139,129,139,129,131,145,149,142,148,149,149,99,99,99,99,99,101,150,156,150,156,156,159
3955,267,66,1,2_C7,2_C7_B,1_C1,1_C1_A,1_C1_B,0,1,1,119,131,119,125,129,131,142,145,140,140,142,151,99,99,99,101,96,99,150,153,150,156,153,156
4522,758,1336,1,2_C8,2_C8_A,1_C7,1_C7_B,1_C7_A,0,1,1,130,138,137,139,126,130,140,149,142,149,146,146,96,99,96,99,99,99,159,159,156,159,159,159
3625,1446,1995,1,2_C8,2_C8_B,1_C10,1_C10_B,1_C10_A,0,1,1,130,130,129,139,129,131,145,149,142,148,149,149,99,101,99,99,99,101,150,156,150,156,156,159
4311,1446,1995,1,2_C9,2_C9_A,1_C10,1_C10_B,1_C10_A,0,1,1,129,129,129,139,129,131,145,149,142,148,149,149,99,101,99,99,99,101,150,156,150,156,156,159
3677,1910,1773,1,2_C9,2_C9_B,1_C8,1_C8_A,1_C8_B,0,1,1,125,131,111,131,125,139,140,153,150,150,152,152,99,99,93,99,96,99,150,159,166,166,159,159
2858,1139,1123,1,2_F1,2_F1_A,1_F5,1_F5_A,1_F5_B,2,1,1,126,126,123,137,125,139,139,139,142,147,142,161,96,101,99,101,96,101,153,159,150,153,159,159
3176,1139,1123,1,2_F1,2_F1_B,1_F5,1_F5_A,1_F5_B,2,1,1,123,126,123,137,125,139,140,140,142,147,142,161,96,101,99,101,96,101,153,159,150,153,159,159
4361,1070,1126,1,2_F10,2_F10_A,1_F6,1_F6_B,1_F6_A,0,1,1,116,126,111,115,125,129,149,159,149,149,140,159,101,104,101,104,96,101,153,159,153,159,150,159
4114,70,140,1,2_F10,2_F10_B,1_F2,1_F2_A,1_F2_B,0,1,1,139,139,130,139,139,143,140,145,142,145,140,144,99,99,96,99,99,101,144,153,153,159,144,156
3417,479,1122,1,2_F11,2_F11_A,1_F7,1_F7_B,1_F7_A,0,1,1,130,136,124,136,129,131,140,149,145,151,141,141,99,99,99,101,99,101,159,159,159,159,**,**
4296,447,374,1,2_F11,2_F11_B,1_F3,1_F3_A,1_F3_B,2,1,1,133,139,130,139,134,134,149,152,151,155,157,165,99,101,**,**,101,101,156,156,**,**,156,156
4096,140,70,1,2_F12,2_F12_A,1_F2,1_F2_B,1_F2_A,0,1,2,139,139,139,143,130,139,142,145,140,144,142,145,99,101,99,101,96,99,156,156,144,156,153,159
3871,473,1274,1,2_F12,2_F12_B,1_F8,1_F8_A,1_F8_B,0,1,1,129,136,124,130,132,136,145,149,140,148,136,142,99,101,99,99,99,101,153,159,153,159,153,159
3446,1649,2003,1,2_F13,2_F13_A,1_F11,1_F11_B,1_F11_A,0,1,2,130,132,129,131,109,131,140,151,144,147,140,140,101,101,99,101,99,101,156,166,156,166,156,159
4104,140,70,1,2_F13,2_F13_B,1_F2,1_F2_B,1_F2_A,0,1,1,130,139,139,143,130,139,140,145,140,144,142,145,99,99,99,101,96,99,156,159,144,156,153,159
4396,619,983,1,2_F14,2_F14_A,1_F9,1_F9_B,1_F9_A,0,1,1,134,143,129,141,128,134,149,153,148,158,146,157,99,101,99,101,99,101,153,159,156,159,153,153
3714,375,398,1,2_F14,2_F14_B,1_F1,1_F1_A,1_F1_B,0,1,1,132,146,130,132,134,145,149,157,140,145,144,157,99,99,96,99,99,99,156,159,144,144,150,159
2829,398,375,1,2_F15,2_F15_A,1_F1,1_F1_B,1_F1_A,0,1,2,,,134,145,130,132,,,144,157,140,145,,,99,99,96,99,,,150,159,144,144
3161,983,619,1,2_F15,2_F15_B,1_F9,1_F9_A,1_F9_B,0,1,2,,,128,134,129,141,,,146,157,148,158,,,99,101,99,101,,,153,153,156,159
3338,1070,1126,1,2_F2,2_F2_A,1_F6,1_F6_B,1_F6_A,0,1,1,112,121,111,115,125,129,140,147,149,149,140,159,96,104,101,104,96,101,150,159,153,159,150,159
2792,1070,1126,1,2_F2,2_F2_B,1_F6,1_F6_B,1_F6_A,0,1,1,111,125,111,115,125,129,147,159,149,149,140,159,96,104,101,104,96,101,150,159,153,159,150,159
2888,447,374,1,2_F3,2_F3_A,1_F3,1_F3_A,1_F3_B,2,1,1,134,139,130,139,134,134,149,152,151,155,157,165,99,101,**,**,101,101,156,156,**,**,156,156
2795,1070,1126,1,2_F3,2_F3_B,1_F6,1_F6_B,1_F6_A,0,1,1,112,126,111,115,125,129,140,147,149,149,140,159,101,101,101,104,96,101,153,159,153,159,150,159
3357,447,374,1,2_F4,2_F4_A,1_F3,1_F3_A,1_F3_B,2,1,1,134,139,130,139,134,134,149,152,151,155,157,165,99,101,**,**,101,101,156,156,**,**,156,156
3124,473,1274,1,2_F4,2_F4_B,1_F8,1_F8_A,1_F8_B,0,1,1,130,132,124,130,132,136,145,149,140,148,136,142,99,101,99,99,99,101,159,159,153,159,153,159
2767,1274,473,1,2_F5,2_F5_A,1_F8,1_F8_B,1_F8_A,0,1,1,130,136,132,136,124,130,149,149,136,142,140,148,99,101,99,101,99,99,153,159,153,159,153,159
3364,479,1122,1,2_F5,2_F5_B,1_F7,1_F7_B,1_F7_A,0,1,1,123,129,124,136,129,131,140,151,145,151,141,141,101,101,99,101,99,101,159,159,159,159,**,**
3842,1649,2003,1,2_F6,2_F6_A,1_F11,1_F11_B,1_F11_A,0,1,2,110,132,129,131,109,131,140,151,144,147,140,140,101,101,99,101,99,101,156,159,156,166,156,159
4372,1126,1070,1,2_F6,2_F6_B,1_F6,1_F6_A,1_F6_B,0,1,1,116,126,125,129,111,115,147,159,140,159,149,149,104,104,96,101,101,104,166,166,150,159,153,159
4375,1126,1070,1,2_F7,2_F7_A,1_F6,1_F6_A,1_F6_B,0,1,1,116,126,125,129,111,115,147,159,140,159,149,149,**,**,96,101,101,104,**,**,150,159,153,159
4108,70,140,1,2_F7,2_F7_B,1_F2,1_F2_A,1_F2_B,0,1,1,139,139,130,139,139,143,145,145,142,145,140,144,96,99,96,99,99,101,153,156,153,159,144,156
4102,140,70,1,2_F8,2_F8_A,1_F2,1_F2_B,1_F2_A,0,1,1,139,141,139,143,130,139,140,145,140,144,142,145,99,101,99,101,96,99,156,159,144,156,153,159
4566,1649,2003,1,2_F8,2_F8_B,1_F11,1_F11_B,1_F11_A,0,1,1,110,132,129,131,109,131,151,151,144,147,140,140,99,99,99,101,99,101,159,166,156,166,156,159
3875,473,1274,1,2_F9,2_F9_A,1_F8,1_F8_A,1_F8_B,0,1,1,124,132,124,130,132,136,149,149,140,148,136,142,99,99,99,99,99,101,153,159,153,159,153,159
4563,1649,2003,1,2_F9,2_F9_B,1_F11,1_F11_B,1_F11_A,0,1,1,130,132,129,131,109,131,151,151,144,147,140,140,101,101,99,101,99,101,159,166,156,166,156,159
2192,603,654,1,2_S1,2_S1_A,1_S3,1_S3_B,1_S3_A,0,1,1,129,143,130,132,138,145,148,148,141,144,141,153,99,101,99,101,99,101,153,159,153,159,156,156
3000,1409,1207,1,2_S1,2_S1_B,1_S6,1_S6_A,1_S6_B,0,1,1,127,129,111,129,129,129,149,151,145,149,149,149,96,99,99,99,96,99,150,156,156,159,150,159
3774,1712,1935,1,2_S10,2_S10_A,1_S8,1_S8_B,1_S8_A,0,1,1,129,134,129,138,119,134,151,151,148,150,148,148,99,99,99,99,99,99,150,159,159,162,150,166
3661,1799,1908,1,2_S10,2_S10_B,1_S11,1_S11_A,1_S11_B,0,1,2,111,111,111,125,111,134,149,153,138,145,138,149,93,99,99,99,93,99,153,156,159,159,153,159
3593,1217,1127,1,2_S11,2_S11_A,1_S4,1_S4_A,1_S4_B,0,1,1,127,129,127,134,129,131,140,147,140,144,145,147,96,99,96,101,99,101,159,162,156,162,159,159
3654,1799,1908,1,2_S11,2_S11_B,1_S11,1_S11_A,1_S11_B,0,1,1,125,133,111,125,111,134,149,153,138,145,138,149,93,99,99,99,93,99,153,156,159,159,153,159
3782,1712,1935,1,2_S12,2_S12_A,1_S8,1_S8_B,1_S8_A,0,1,1,119,129,129,138,119,134,151,151,148,150,148,148,99,99,99,99,99,99,162,169,159,162,150,166
4202,1957,1831,1,2_S12,2_S12_B,1_S10,1_S10_B,1_S10_A,0,1,1,129,129,129,134,123,129,149,151,148,148,140,149,99,99,99,99,99,101,150,159,150,169,159,159
4005,1957,1831,1,2_S13,2_S13_A,1_S10,1_S10_B,1_S10_A,0,1,2,123,129,129,134,123,129,140,149,148,148,140,149,**,**,99,99,99,101,**,**,150,169,159,159
3644,1908,1799,1,2_S13,2_S13_B,1_S11,1_S11_B,1_S11_A,0,1,1,111,125,111,134,111,125,144,149,138,149,138,145,93,99,93,99,99,99,159,159,153,159,159,159
4261,1914,1610,1,2_S14,2_S14_A,1_S9,1_S9_A,1_S9_B,0,1,1,129,143,129,131,123,143,147,151,147,151,151,151,93,99,93,99,99,101,153,153,153,156,153,153
3599,1217,1127,1,2_S14,2_S14_B,1_S4,1_S4_A,1_S4_B,0,1,1,131,136,127,134,129,131,140,147,140,144,145,147,96,99,96,101,99,101,159,162,156,162,159,159
3602,1217,1127,1,2_S15,2_S15_A,1_S4,1_S4_A,1_S4_B,0,1,1,127,129,127,134,129,131,140,147,140,144,145,147,96,101,96,101,99,101,156,159,156,162,159,159
4480,1819,1724,1,2_S15,2_S15_B,1_S7,1_S7_A,1_S7_B,0,1,1,123,129,124,130,130,138,140,149,137,144,136,144,96,101,101,101,96,96,153,153,153,159,153,159
4014,1831,1957,1,2_S2,2_S2_A,1_S10,1_S10_A,1_S10_B,0,1,1,130,136,123,129,129,134,149,149,140,149,148,148,99,99,99,101,99,99,159,169,159,159,150,169
4272,1957,1831,1,2_S2,2_S2_B,1_S10,1_S10_B,1_S10_A,0,1,1,124,130,129,134,123,129,140,149,148,148,140,149,99,99,99,99,99,101,159,169,150,169,159,159
4606,1712,1935,1,2_S3,2_S3_A,1_S8,1_S8_B,1_S8_A,0,1,1,119,129,129,138,119,134,151,151,148,150,148,148,99,99,99,99,99,99,150,162,159,162,150,166
3983,939,914,1,2_S3,2_S3_B,1_S2,1_S2_A,1_S2_B,0,1,2,131,137,131,137,123,131,148,150,140,149,148,150,99,104,99,104,99,99,159,169,159,169,**,**
3581,1724,1819,1,2_S4,2_S4_A,1_S7,1_S7_B,1_S7_A,0,1,1,123,137,130,138,124,130,140,149,136,144,137,144,96,101,96,96,101,101,153,153,153,159,153,159
4212,1610,1914,1,2_S4,2_S4_B,1_S9,1_S9_B,1_S9_A,0,1,1,123,129,123,143,129,131,140,149,151,151,147,151,99,101,99,101,93,99,150,159,153,153,153,156
4021,1831,1957,1,2_S5,2_S5_A,1_S10,1_S10_A,1_S10_B,0,1,1,123,134,123,129,129,134,140,149,140,149,148,148,99,101,99,101,99,99,150,159,159,159,150,169
3496,1831,1957,1,2_S5,2_S5_B,1_S10,1_S10_A,1_S10_B,0,1,1,123,134,123,129,129,134,140,151,140,149,148,148,**,**,99,101,99,99,**,**,159,159,150,169
4175,1799,1908,1,2_S6,2_S6_A,1_S11,1_S11_A,1_S11_B,0,1,2,111,111,111,125,111,134,145,149,138,145,138,149,99,99,99,99,93,99,153,159,159,159,153,159
3736,1610,1914,1,2_S6,2_S6_B,1_S9,1_S9_B,1_S9_A,0,1,1,131,143,123,143,129,131,147,151,151,151,147,151,93,99,99,101,93,99,153,156,153,153,153,156
3600,1217,1127,1,2_S7,2_S7_A,1_S4,1_S4_A,1_S4_B,0,1,1,127,130,127,134,129,131,140,147,140,144,145,147,101,101,96,101,99,101,156,159,156,162,159,159
3502,1831,1957,1,2_S7,2_S7_B,1_S10,1_S10_A,1_S10_B,0,1,1,123,136,123,129,129,134,149,151,140,149,148,148,99,101,99,101,99,99,159,169,159,159,150,169
4034,1908,1799,1,2_S8,2_S8_A,1_S11,1_S11_B,1_S11_A,0,1,1,125,133,111,134,111,125,145,149,138,149,138,145,99,99,93,99,99,99,156,159,153,159,159,159
4475,1908,1799,1,2_S8,2_S8_B,1_S11,1_S11_B,1_S11_A,0,1,1,111,111,111,134,111,125,149,153,138,149,138,145,93,99,93,99,99,99,153,156,153,159,159,159
3639,1908,1799,1,2_S9,2_S9_A,1_S11,1_S11_B,1_S11_A,0,1,1,111,125,111,134,111,125,145,149,138,149,138,145,93,99,93,99,99,99,153,156,153,159,159,159
3598,1217,1127,1,2_S9,2_S9_B,1_S4,1_S4_A,1_S4_B,0,1,1,132,136,127,134,129,131,140,147,140,144,145,147,101,101,96,101,99,101,159,162,156,162,159,159
5259,4449,3457,2,3_C1,3_C1_A,2_C14,2_C14_B,2_C14_A,0,1,1,131,138,111,139,129,131,140,151,140,153,140,151,99,99,96,99,99,99,150,159,159,159,150,159
4939,2706,2579,2,3_C1,3_C1_B,2_C6,2_C6_A,2_C6_B,0,1,1,127,129,130,138,128,139,140,145,140,140,145,147,96,96,96,99,96,99,159,162,159,159,159,162
5198,2705,2568,2,3_C10,3_C10_A,2_C5,2_C5_B,2_C5_A,1,1,2,127,139,128,139,126,139,144,149,145,147,140,149,99,99,96,99,96,99,159,159,159,159,159,159
5401,4522,3625,2,3_C10,3_C10_B,2_C8,2_C8_A,2_C8_B,0,1,0,129,129,130,138,130,130,140,140,140,149,145,149,99,99,96,99,99,101,159,159,159,159,150,156
5718,4311,3677,2,3_C11,3_C11_A,2_C9,2_C9_A,2_C9_B,0,1,1,125,129,129,129,125,131,140,149,145,149,140,153,99,101,99,101,99,99,150,150,150,156,150,159
5637,3626,3826,2,3_C11,3_C11_B,2_C10,2_C10_B,2_C10_A,0,1,1,129,131,129,129,125,131,140,145,145,149,140,149,96,99,99,99,93,96,159,159,150,159,159,159
5845,3129,2671,2,3_C12,3_C12_A,2_C1,2_C1_A,2_C1_B,0,1,1,129,137,126,138,130,139,140,151,140,140,145,151,96,101,96,99,101,107,159,169,156,159,159,169
5652,2634,3281,2,3_C12,3_C12_B,2_C4,2_C4_A,2_C4_B,0,1,1,111,129,122,137,111,111,147,151,149,151,140,147,96,99,99,104,96,101,153,156,150,156,153,159
5724,3677,4311,2,3_C13,3_C13_A,2_C9,2_C9_B,2_C9_A,0,1,1,129,131,125,131,129,129,149,153,140,153,145,149,99,101,99,99,99,101,150,150,150,159,150,156
6149,2705,2568,2,3_C13,3_C13_B,2_C5,2_C5_B,2_C5_A,1,1,1,127,139,128,139,126,139,145,149,145,147,140,149,96,99,96,99,96,99,159,159,159,159,159,159
6005,4440,3882,2,3_C14,3_C14_A,2_C12,2_C12_B,2_C12_A,0,1,1,129,129,112,139,129,131,140,149,140,153,142,149,99,99,99,99,99,99,150,156,150,159,156,159
5640,3826,3626,2,3_C14,3_C14_B,2_C10,2_C10_A,2_C10_B,0,1,1,129,131,125,131,129,129,140,149,140,149,145,149,96,99,93,96,99,99,159,159,159,159,150,159
5794,2154,2020,2,3_C15,3_C15_A,2_C3,2_C3_B,2_C3_A,0,1,1,123,125,125,131,124,139,149,151,142,151,145,149,99,99,99,99,99,101,156,169,156,156,159,169
6136,4315,3955,2,3_C15,3_C15_B,2_C7,2_C7_A,2_C7_B,0,1,1,129,131,129,139,119,131,142,149,145,149,142,145,99,99,99,99,99,99,150,153,150,156,150,153
5110,2487,2142,2,3_C2,3_C2_A,2_C2,2_C2_A,2_C2_B,0,1,2,131,137,130,138,132,139,149,152,140,149,149,152,99,99,96,99,99,101,159,166,156,159,159,166
5247,4440,3882,2,3_C2,3_C2_B,2_C12,2_C12_B,2_C12_A,0,1,1,111,129,112,139,129,131,140,149,140,153,142,149,99,99,99,99,99,99,159,159,150,159,156,159
4881,2634,3281,2,3_C3,3_C3_A,2_C4,2_C4_A,2_C4_B,0,1,1,111,129,122,137,111,111,149,151,149,151,140,147,101,104,99,104,96,101,153,156,150,156,153,159
5325,3955,4315,2,3_C3,3_C3_B,2_C7,2_C7_B,2_C7_A,0,1,1,119,129,119,131,129,139,142,145,142,145,145,149,99,99,99,99,99,99,153,156,150,153,150,156
4648,2568,2705,2,3_C4,3_C4_A,2_C5,2_C5_A,2_C5_B,1,1,1,125,127,126,139,128,139,140,145,140,149,145,147,96,96,96,99,96,99,159,159,159,159,159,159
5188,2568,2705,2,3_C4,3_C4_B,2_C5,2_C5_A,2_C5_B,1,1,1,127,139,126,139,128,139,145,149,140,149,145,147,96,96,96,99,96,99,159,159,159,159,159,159
4668,2020,2154,2,3_C5,3_C5_A,2_C3,2_C3_A,2_C3_B,0,1,1,125,139,124,139,125,131,142,145,145,149,142,151,99,99,99,101,99,99,156,159,159,169,156,156
5196,2568,2705,2,3_C5,3_C5_B,2_C5,2_C5_A,2_C5_B,1,1,2,139,139,126,139,128,139,146,149,140,149,145,147,96,96,96,99,96,99,159,159,159,159,159,159
4736,2142,2487,2,3_C6,3_C6_A,2_C2,2_C2_B,2_C2_A,0,1,2,137,139,132,139,130,138,140,149,149,152,140,149,96,99,99,101,96,99,156,159,159,166,156,159
4871,3626,3826,2,3_C6,3_C6_B,2_C10,2_C10_B,2_C10_A,0,1,1,125,129,129,129,125,131,149,149,145,149,140,149,93,99,99,99,93,96,150,159,150,159,159,159
5326,3955,4315,2,3_C7,3_C7_A,2_C7,2_C7_B,2_C7_A,0,1,1,129,131,119,131,129,139,142,149,142,145,145,149,99,99,99,99,99,99,150,153,150,153,150,156
4876,3281,2634,2,3_C7,3_C7_B,2_C4,2_C4_B,2_C4_A,0,1,1,111,127,111,111,122,137,140,151,140,147,149,151,96,99,96,101,99,104,150,159,153,159,150,156
4796,4522,3625,2,3_C8,3_C8_A,2_C8,2_C8_A,2_C8_B,0,1,0,126,139,130,138,130,130,140,140,140,149,145,149,96,99,96,99,99,101,159,159,159,159,150,156
5262,3457,4449,2,3_C8,3_C8_B,2_C14,2_C14_A,2_C14_B,0,1,1,131,131,129,131,111,139,140,151,140,151,140,153,96,99,99,99,96,99,159,159,150,159,159,159
4722,4315,3955,2,3_C9,3_C9_A,2_C7,2_C7_A,2_C7_B,0,1,1,131,139,129,139,119,131,142,145,145,149,142,145,99,99,99,99,99,99,150,153,150,156,150,153
5107,2142,2487,2,3_C9,3_C9_B,2_C2,2_C2_B,2_C2_A,0,1,2,131,137,132,139,130,138,149,152,149,152,140,149,**,**,99,101,96,99,**,**,159,166,156,159
5380,3357,3124,2,3_F1,3_F1_A,2_F4,2_F4_A,2_F4_B,0,1,1,129,133,134,139,130,132,149,152,149,152,145,149,99,99,99,101,99,101,156,159,156,156,159,159
5094,4566,4102,2,3_F1,3_F1_B,2_F8,2_F8_B,2_F8_A,0,1,1,131,141,110,132,139,141,145,151,151,151,140,145,99,101,99,99,99,101,159,159,159,166,156,159
5388,3357,3124,2,3_F10,3_F10_A,2_F4,2_F4_A,2_F4_B,0,1,1,131,133,134,139,130,132,145,152,149,152,145,149,99,101,99,101,99,101,156,159,156,156,159,159
4790,3124,3357,2,3_F10,3_F10_B,2_F4,2_F4_B,2_F4_A,0,1,1,129,133,130,132,134,139,145,149,145,149,149,152,99,101,99,101,99,101,156,159,159,159,156,156
4714,4096,3871,2,3_F11,3_F11_A,2_F12,2_F12_A,2_F12_B,0,1,1,129,139,139,139,129,136,145,145,142,145,145,149,101,101,99,101,99,101,156,159,156,156,153,159
5082,3714,4396,2,3_F11,3_F11_B,2_F14,2_F14_B,2_F14_A,0,1,1,131,133,132,146,134,143,149,157,149,157,149,153,99,101,99,99,99,101,159,159,156,159,153,159
5478,4114,4361,2,3_F12,3_F12_A,2_F10,2_F10_B,2_F10_A,0,1,1,115,139,139,139,116,126,145,149,140,145,149,159,99,104,99,99,101,104,153,159,144,153,153,159
5467,2888,2795,2,3_F12,3_F12_B,2_F3,2_F3_A,2_F3_B,0,1,1,125,133,134,139,112,126,140,149,149,152,140,147,101,101,99,101,101,101,153,156,156,156,153,159
6095,4566,4102,2,3_F13,3_F13_A,2_F8,2_F8_B,2_F8_A,0,1,1,131,141,110,132,139,141,145,151,151,151,140,145,99,101,99,99,99,101,156,159,159,166,156,159
6162,4114,4361,2,3_F13,3_F13_B,2_F10,2_F10_B,2_F10_A,0,1,1,125,139,139,139,116,126,140,159,140,145,149,159,99,101,99,99,101,104,153,153,144,153,153,159
5761,3161,2829,2,3_F14,3_F14_A,2_F15,2_F15_B,2_F15_A,2,0,,131,141,,,,,149,153,,,,,96,99,,,,,150,153,,,,
6169,4114,4361,2,3_F14,3_F14_B,2_F10,2_F10_B,2_F10_A,0,1,1,125,139,139,139,116,126,140,159,140,145,149,159,99,101,99,99,101,104,144,153,144,153,153,159
5608,3357,3124,2,3_F15,3_F15_A,2_F4,2_F4_A,2_F4_B,0,1,2,132,132,134,139,130,132,145,152,149,152,145,149,101,101,99,101,99,101,159,159,156,156,159,159
5766,3871,4096,2,3_F15,3_F15_B,2_F12,2_F12_B,2_F12_A,0,1,1,**,**,129,136,139,139,142,145,145,149,142,145,99,101,99,101,99,101,156,159,153,159,156,156
4629,4108,4375,2,3_F2,3_F2_A,2_F7,2_F7_B,2_F7_A,0,1,1,115,139,139,139,116,126,145,147,145,145,147,159,96,96,96,99,**,**,156,159,153,156,**,**
5415,4104,3446,2,3_F2,3_F2_B,2_F13,2_F13_B,2_F13_A,0,1,1,129,131,130,139,130,132,145,151,140,145,140,151,99,101,99,99,101,101,156,156,156,159,156,166
4715,3871,4096,2,3_F3,3_F3_A,2_F12,2_F12_B,2_F12_A,0,1,1,129,129,129,136,139,139,142,142,145,149,142,145,99,101,99,101,99,101,153,156,153,159,156,156
5368,3357,3124,2,3_F3,3_F3_B,2_F4,2_F4_A,2_F4_B,0,1,1,131,139,134,139,130,132,145,152,149,152,145,149,99,101,99,101,99,101,156,159,156,156,159,159
4632,2767,3364,2,3_F4,3_F4_A,2_F5,2_F5_A,2_F5_B,0,1,1,129,134,130,136,123,129,149,151,149,149,140,151,99,101,99,101,101,101,153,159,153,159,159,159
5230,3161,2829,2,3_F4,3_F4_B,2_F15,2_F15_B,2_F15_A,2,0,,127,131,,,,,149,153,,,,,99,99,,,,,156,156,,,,
4846,3338,2792,2,3_F5,3_F5_A,2_F2,2_F2_A,2_F2_B,2,1,2,111,111,112,121,111,125,140,147,140,147,147,159,104,104,96,104,96,104,150,159,150,159,150,159
5419,4104,3446,2,3_F5,3_F5_B,2_F13,2_F13_B,2_F13_A,0,1,1,129,139,130,139,130,132,140,145,140,145,140,151,99,101,99,99,101,101,156,156,156,159,156,166
4711,3871,4096,2,3_F6,3_F6_A,2_F12,2_F12_B,2_F12_A,0,1,2,134,139,129,136,139,139,142,145,145,149,142,145,96,99,99,101,99,101,153,159,153,159,156,156
4843,2792,3338,2,3_F6,3_F6_B,2_F2,2_F2_B,2_F2_A,2,1,1,125,125,111,125,112,121,140,159,147,159,140,147,104,104,96,104,96,104,150,150,150,159,150,159
5314,3842,4372,2,3_F7,3_F7_A,2_F6,2_F6_A,2_F6_B,0,1,2,116,116,110,132,116,126,140,147,140,151,147,159,96,101,101,101,104,104,159,159,156,159,166,166
4646,3364,2767,2,3_F7,3_F7_B,2_F5,2_F5_B,2_F5_A,0,1,1,129,129,123,129,130,136,149,151,140,151,149,149,101,101,101,101,99,101,159,159,159,159,153,159
5244,2767,3364,2,3_F8,3_F8_A,2_F5,2_F5_A,2_F5_B,0,1,1,129,129,130,136,123,129,140,149,149,149,140,151,99,101,99,101,101,101,153,159,153,159,159,159
5377,4108,4375,2,3_F8,3_F8_B,2_F7,2_F7_B,2_F7_A,0,1,1,125,139,139,139,116,126,145,147,145,145,147,159,96,96,96,99,**,**,150,156,153,156,**,**
5374,4108,4375,2,3_F9,3_F9_A,2_F7,2_F7_B,2_F7_A,0,1,1,125,139,139,139,116,126,145,159,145,145,147,159,96,101,96,99,**,**,153,159,153,156,**,**
4695,4114,4361,2,3_F9,3_F9_B,2_F10,2_F10_B,2_F10_A,0,1,1,115,139,139,139,116,126,140,159,140,145,149,159,99,104,99,99,101,104,153,159,144,153,153,159
5026,4175,3736,2,3_S1,3_S1_A,2_S6,2_S6_A,2_S6_B,0,1,2,121,121,111,111,131,143,149,151,145,149,147,151,99,99,99,99,93,99,153,153,153,159,153,156
5356,3600,3502,2,3_S1,3_S1_B,2_S7,2_S7_A,2_S7_B,0,1,1,123,131,127,130,123,136,140,151,140,147,149,151,99,101,101,101,99,101,159,169,156,159,159,169
4838,3661,3774,2,3_S10,3_S10_A,2_S10,2_S10_B,2_S10_A,0,1,1,130,136,111,111,129,134,149,151,149,153,151,151,99,99,93,99,99,99,150,156,153,156,150,159
4906,3593,3654,2,3_S10,3_S10_B,2_S11,2_S11_A,2_S11_B,0,1,1,127,133,127,129,125,133,147,153,140,147,149,153,99,99,96,99,93,99,153,162,159,162,153,156
5599,3581,4212,2,3_S11,3_S11_A,2_S4,2_S4_A,2_S4_B,0,1,0,123,137,123,137,123,129,140,149,140,149,140,149,96,101,96,101,99,101,153,153,153,153,150,159
5452,3602,4480,2,3_S11,3_S11_B,2_S15,2_S15_A,2_S15_B,0,1,1,129,129,127,129,123,129,140,149,140,147,140,149,96,101,96,101,96,101,153,156,156,159,153,153
5598,4212,3581,2,3_S12,3_S12_A,2_S4,2_S4_B,2_S4_A,0,1,0,129,129,123,129,123,137,140,149,140,149,140,149,99,101,99,101,96,101,150,159,150,159,153,153
5970,3600,3502,2,3_S12,3_S12_B,2_S7,2_S7_A,2_S7_B,0,1,1,131,134,127,130,123,136,140,149,140,147,149,151,99,101,101,101,99,101,156,169,156,159,159,169
6047,3644,4005,2,3_S13,3_S13_A,2_S13,2_S13_B,2_S13_A,0,1,1,111,123,111,125,123,129,140,149,144,149,140,149,93,101,93,99,**,**,159,159,159,159,**,**
5728,3593,3654,2,3_S13,3_S13_B,2_S11,2_S11_A,2_S11_B,0,1,1,125,127,127,129,125,133,147,153,140,147,149,153,96,99,96,99,93,99,156,162,159,162,153,156
6302,3502,3600,2,3_S14,3_S14_A,2_S7,2_S7_B,2_S7_A,0,1,1,131,134,123,136,127,130,140,149,149,151,140,147,99,101,99,101,101,101,159,169,159,169,156,159
6271,4261,3599,2,3_S14,3_S14_B,2_S14,2_S14_A,2_S14_B,0,1,1,131,143,129,143,131,136,147,151,147,151,140,147,93,96,93,99,96,99,153,159,153,153,159,162
5668,3599,4261,2,3_S15,3_S15_A,2_S14,2_S14_B,2_S14_A,0,1,1,136,143,131,136,129,143,147,151,140,147,147,151,93,99,96,99,93,99,153,159,159,162,153,153
6299,3600,3502,2,3_S15,3_S15_B,2_S7,2_S7_A,2_S7_B,0,1,1,127,134,127,130,123,136,147,151,140,147,149,151,99 or 101,99 or 101,101,101,99,101,156,159,156,159,159,169
5056,3644,4005,2,3_S2,3_S2_A,2_S13,2_S13_B,2_S13_A,0,1,1,124,126,111,125,123,129,149,149,144,149,140,149,93,101,93,99,**,**,159,159,159,159,**,**
5023,3736,4175,2,3_S2,3_S2_B,2_S6,2_S6_B,2_S6_A,0,1,1,112,132,131,143,111,111,147,149,147,151,145,149,99,99,93,99,99,99,153,153,153,156,153,159
5354,4021,3496,2,3_S3,3_S3_A,2_S5,2_S5_A,2_S5_B,2,1,1,136,136,123,134,123,134,149,151,140,149,140,151,99,101,99,101,**,**,159,159,150,159,**,**
5292,4014,4272,2,3_S3,3_S3_B,2_S2,2_S2_A,2_S2_B,2,1,1,123,136,130,136,124,130,140,149,149,149,140,149,99,99,99,99,99,99,159,169,159,169,159,169
5028,3736,4175,2,3_S4,3_S4_A,2_S6,2_S6_B,2_S6_A,0,1,1,111,131,131,143,111,111,149,151,147,151,145,149,93,99,93,99,99,99,153,156,153,156,153,159
5353,3496,4021,2,3_S4,3_S4_B,2_S5,2_S5_B,2_S5_A,2,1,2,123,136,123,134,123,134,149,151,140,151,140,149,106,106,**,**,99,101,155,166,**,**,150,159
5366,3502,3600,2,3_S5,3_S5_A,2_S7,2_S7_B,2_S7_A,0,1,0,123,134,123,136,127,130,149,151,149,151,140,147,99,101,99,101,101,101,169,169,159,169,156,159
4754,4014,4272,2,3_S5,3_S5_B,2_S2,2_S2_A,2_S2_B,2,1,2,129,129,130,136,124,130,149,149,149,149,140,149,99,99,99,99,99,99,159,159,159,169,159,169
4964,3600,3502,2,3_S6,3_S6_A,2_S7,2_S7_A,2_S7_B,0,1,1,127,134,127,130,123,136,140,151,140,147,149,151,101,101,101,101,99,101,156,169,156,159,159,169
5212,3000,2192,2,3_S6,3_S6_B,2_S1,2_S1_B,2_S1_A,0,1,1,129,129,127,129,129,143,149,151,149,151,148,148,99,99,96,99,99,101,150,159,150,156,153,159
4675,2192,3000,2,3_S7,3_S7_A,2_S1,2_S1_A,2_S1_B,0,1,1,129,129,129,143,127,129,149,151,148,148,149,151,96,101,99,101,96,99,150,159,153,159,150,156
5201,4202,3782,2,3_S7,3_S7_B,2_S12,2_S12_B,2_S12_A,0,1,0,129,129,129,129,119,129,149,149,149,151,151,151,99,99,99,99,99,99,150,159,150,159,162,169
5275,3644,4005,2,3_S8,3_S8_A,2_S13,2_S13_B,2_S13_A,0,1,1,123,125,111,125,123,129,140,149,144,149,140,149,99,99,93,99,**,**,159,169,159,159,**,**
5348,4021,3496,2,3_S8,3_S8_B,2_S5,2_S5_A,2_S5_B,2,1,2,**,**,123,134,123,134,149,151,140,149,140,151,**,**,99,101,**,**,**,**,150,159,**,**
5438,4175,3736,2,3_S9,3_S9_A,2_S6,2_S6_A,2_S6_B,0,1,1,111,131,111,111,131,143,145,147,145,149,147,151,99,99,99,99,93,99,153,159,153,159,153,156
4968,3600,3502,2,3_S9,3_S9_B,2_S7,2_S7_A,2_S7_B,0,1,1,127,134,127,130,123,136,147,149,140,147,149,151,101,101,101,101,99,101,159,169,156,159,159,169
6664,5110,5247,3,4_C1,4_C1_A,3_C2,3_C2_A,3_C2_B,0,1,1,,,131,137,111,129,,,149,152,140,149,,,99,99,99,99,,,159,166,159,159
7163,4648,5188,3,4_C1,4_C1_B,3_C4,3_C4_A,3_C4_B,2,1,1,,,125,127,127,139,,,140,145,145,149,,,96,96,96,96,,,159,159,159,159
6768,4736,4871,3,4_C10,4_C10_A,3_C6,3_C6_A,3_C6_B,0,1,1,,,137,139,125,129,,,140,149,149,149,,,96,99,93,99,,,156,159,150,159
7156,4648,5188,3,4_C10,4_C10_B,3_C4,3_C4_A,3_C4_B,2,1,1,,,125,127,127,139,,,140,145,145,149,,,96,96,96,96,,,159,159,159,159
7930,4668,5196,3,4_C11,4_C11_A,3_C5,3_C5_A,3_C5_B,0,1,1,,,125,139,139,139,,,142,145,146,149,,,99,99,96,96,,,156,159,159,159
7863,4796,5262,3,4_C11,4_C11_B,3_C8,3_C8_A,3_C8_B,0,1,1,,,126,139,131,131,,,140,140,140,151,,,96,99,96,99,,,159,159,159,159
7070,5325,4881,3,4_C12,4_C12_A,3_C3,3_C3_B,3_C3_A,0,1,1,,,119,129,111,129,,,142,145,149,151,,,99,99,101,104,,,153,156,153,156
6387,4668,5196,3,4_C12,4_C12_B,3_C5,3_C5_A,3_C5_B,0,1,1,,,125,139,139,139,,,142,145,146,149,,,99,99,96,96,,,156,159,159,159
6770,4871,4736,3,4_C2,4_C2_A,3_C6,3_C6_B,3_C6_A,0,1,1,,,125,129,137,139,,,149,149,140,149,,,93,99,96,99,,,150,159,156,159
7654,5845,5652,3,4_C2,4_C2_B,3_C12,3_C12_A,3_C12_B,0,1,1,,,129,137,111,129,,,140,151,147,151,,,96,101,96,99,,,159,169,153,156
6453,5326,4876,3,4_C3,4_C3_A,3_C7,3_C7_A,3_C7_B,0,1,1,,,129,131,111,127,,,142,149,140,151,,,99,99,96,99,,,150,153,150,159
7221,5259,4939,3,4_C3,4_C3_B,3_C1,3_C1_A,3_C1_B,0,1,1,,,131,138,127,129,,,140,151,140,145,,,99,99,96,96,,,150,159,159,162
7443,4722,5107,3,4_C4,4_C4_A,3_C9,3_C9_A,3_C9_B,0,1,2,,,131,139,131,137,,,142,145,149,152,,,99,99,**,**,,,150,153,**,**
7579,4736,4871,3,4_C4,4_C4_B,3_C6,3_C6_A,3_C6_B,0,1,1,,,137,139,125,129,,,140,149,149,149,,,96,99,93,99,,,156,159,150,159
6982,5326,4876,3,4_C5,4_C5_A,3_C7,3_C7_A,3_C7_B,0,1,1,,,129,131,111,127,,,142,149,140,151,,,99,99,96,99,,,150,153,150,159
7593,5637,5718,3,4_C5,4_C5_B,3_C11,3_C11_B,3_C11_A,0,1,1,,,129,131,125,129,,,140,145,140,149,,,96,99,99,101,,,159,159,150,150
7668,5107,4722,3,4_C6,4_C6_A,3_C9,3_C9_B,3_C9_A,0,1,1,,,131,137,131,139,,,149,152,142,145,,,**,**,99,99,,,**,**,150,153
7217,5259,4939,3,4_C6,4_C6_B,3_C1,3_C1_A,3_C1_B,0,1,1,,,131,138,127,129,,,140,151,140,145,,,99,99,96,96,,,150,159,159,162
6913,5640,6005,3,4_C7,4_C7_A,3_C14,3_C14_B,3_C14_A,0,1,1,,,129,131,129,129,,,140,149,140,149,,,96,99,99,99,,,159,159,150,156
7513,5724,6149,3,4_C7,4_C7_B,3_C13,3_C13_A,3_C13_B,0,1,1,,,129,131,127,139,,,149,153,145,149,,,99,101,96,99,,,150,150,159,159
7734,6149,5724,3,4_C8,4_C8_A,3_C13,3_C13_B,3_C13_A,0,1,1,,,127,139,129,131,,,145,149,149,153,,,96,99,99,101,,,159,159,150,150
7883,6005,5640,3,4_C8,4_C8_B,3_C14,3_C14_A,3_C14_B,0,1,1,,,129,129,129,131,,,140,149,140,149,,,99,99,96,99,,,150,156,159,159
7219,4939,5259,3,4_C9,4_C9_A,3_C1,3_C1_B,3_C1_A,0,1,1,,,127,129,131,138,,,140,145,140,151,,,96,96,99,99,,,159,162,150,159
6672,5110,5247,3,4_C9,4_C9_B,3_C2,3_C2_A,3_C2_B,0,1,1,,,131,137,111,129,,,149,152,140,149,,,99,99,99,99,,,159,166,159,159
7515,5368,4715,3,4_F1,4_F1_A,3_F3,3_F3_B,3_F3_A,0,1,1,,,131,139,129,129,,,145,152,142,142,,,99,101,99,101,,,156,159,153,156
7827,5419,4846,3,4_F1,4_F1_B,3_F5,3_F5_B,3_F5_A,0,1,1,,,129,139,111,111,,,140,145,140,147,,,99,101,104,104,,,156,156,150,159
7817,5374,4695,3,4_F10,4_F10_A,3_F9,3_F9_A,3_F9_B,0,1,1,,,125,139,115,139,,,145,159,140,159,,,96,101,99,104,,,153,159,153,159
7270,4632,5230,3,4_F10,4_F10_B,3_F4,3_F4_A,3_F4_B,0,1,1,,,129,134,127,131,,,149,151,149,153,,,99,101,99,99,,,153,159,156,156
7902,6169,5761,3,4_F11,4_F11_A,3_F14,3_F14_B,3_F14_A,0,1,1,,,125,139,131,141,,,140,159,149,153,,,99,101,96,99,,,144,153,150,153
7496,5374,4695,3,4_F11,4_F11_B,3_F9,3_F9_A,3_F9_B,0,1,1,,,125,139,115,139,,,145,159,140,159,,,96,101,99,104,,,153,159,153,159
7192,6095,6162,3,4_F12,4_F12_A,3_F13,3_F13_A,3_F13_B,0,1,1,,,131,141,125,139,,,145,151,140,159,,,99,101,99,101,,,156,159,153,153
7351,5761,6169,3,4_F12,4_F12_B,3_F14,3_F14_A,3_F14_B,0,1,1,,,131,141,125,139,,,149,153,140,159,,,96,99,99,101,,,150,153,144,153
7421,5380,5094,3,4_F2,4_F2_A,3_F1,3_F1_A,3_F1_B,0,1,1,,,129,133,131,141,,,149,152,145,151,,,99,99,99,101,,,156,159,159,159
7516,5368,4715,3,4_F2,4_F2_B,3_F3,3_F3_B,3_F3_A,0,1,1,,,131,139,129,129,,,145,152,142,142,,,99,101,99,101,,,156,159,153,156
7618,4843,4711,3,4_F3,4_F3_A,3_F6,3_F6_B,3_F6_A,1,1,1,,,125,125,134,139,,,140,159,142,145,,,104,104,96,99,,,150,150,153,159
7343,5478,5467,3,4_F3,4_F3_B,3_F12,3_F12_A,3_F12_B,0,1,1,,,115,139,125,133,,,145,149,140,149,,,99,104,101,101,,,153,159,153,156
7689,5244,5377,3,4_F4,4_F4_A,3_F8,3_F8_A,3_F8_B,0,1,1,,,129,129,125,139,,,140,149,145,147,,,99,101,96,96,,,153,159,150,156
7416,5766,5608,3,4_F4,4_F4_B,3_F15,3_F15_B,3_F15_A,0,1,1,,,**,**,132,132,,,142,145,145,152,,,99,101,101,101,,,156,159,159,159
6809,4715,5368,3,4_F5,4_F5_A,3_F3,3_F3_A,3_F3_B,0,1,1,,,129,129,131,139,,,142,142,145,152,,,99,101,99,101,,,153,156,156,159
7349,6169,5761,3,4_F5,4_F5_B,3_F14,3_F14_B,3_F14_A,0,1,1,,,125,139,131,141,,,140,159,149,153,,,99,101,96,99,,,144,153,150,153
7832,5419,4846,3,4_F6,4_F6_A,3_F5,3_F5_B,3_F5_A,0,1,1,,,129,139,111,111,,,140,145,140,147,,,99,101,104,104,,,156,156,150,159
7825,5374,4695,3,4_F6,4_F6_B,3_F9,3_F9_A,3_F9_B,0,1,1,,,125,139,115,139,,,145,159,140,159,,,96,101,99,104,,,153,159,153,159
6650,5377,5244,3,4_F7,4_F7_A,3_F8,3_F8_B,3_F8_A,0,1,1,,,125,139,129,129,,,145,147,140,149,,,96,96,99,101,,,150,156,153,159
7425,5380,5094,3,4_F7,4_F7_B,3_F1,3_F1_A,3_F1_B,0,1,1,,,129,133,131,141,,,149,152,145,151,,,99,99,99,101,,,156,159,159,159
6953,4846,5419,3,4_F8,4_F8_A,3_F5,3_F5_A,3_F5_B,0,1,1,,,111,111,129,139,,,140,147,140,145,,,104,104,99,101,,,150,159,156,156
7830,4846,5419,3,4_F8,4_F8_B,3_F5,3_F5_A,3_F5_B,0,1,1,,,111,111,129,139,,,140,147,140,145,,,104,104,99,101,,,150,159,156,156
6653,4646,5314,3,4_F9,4_F9_A,3_F7,3_F7_B,3_F7_A,0,1,1,,,129,129,116,116,,,149,151,140,147,,,101,101,96,101,,,159,159,159,159
6892,5314,4646,3,4_F9,4_F9_B,3_F7,3_F7_A,3_F7_B,0,1,1,,,116,116,129,129,,,140,147,149,151,,,96,101,101,101,,,159,159,159,159
6576,5026,5356,3,4_S1,4_S1_A,3_S1,3_S1_A,3_S1_B,0,1,1,,,121,121,123,131,,,149,151,140,151,,,99,99,99,101,,,153,153,159,169
7550,5275,5348,3,4_S1,4_S1_B,3_S8,3_S8_A,3_S8_B,1,1,1,,,123,125,**,**,,,140,149,149,151,,,99,99,**,**,,,159,169,**,**
6327,5026,5356,3,4_S10,4_S10_A,3_S1,3_S1_A,3_S1_B,0,1,1,,,121,121,123,131,,,149,151,140,151,,,99,99,99,101,,,153,153,159,169
6950,5023,5056,3,4_S10,4_S10_B,3_S2,3_S2_B,3_S2_A,0,1,1,,,112,132,124,126,,,147,149,149,149,,,99,99,93,101,,,153,153,159,159
6492,5201,4675,3,4_S11,4_S11_A,3_S7,3_S7_A,3_S7_A,0,1,1,,,129,129,129,129,,,149,149,149,151,,,99,99,96,101,,,150,159,150,159
6927,5201,4675,3,4_S11,4_S11_B,3_S7,3_S7_A,3_S7_A,0,1,1,,,129,129,129,129,,,149,149,149,151,,,99,99,96,101,,,150,159,150,159
6615,5438,4968,3,4_S12,4_S12_A,3_S9,3_S9_A,3_S9_B,0,1,1,,,111,131,127,134,,,145,147,147,149,,,99,99,101,101,,,153,159,159,169
6864,6299,5668,3,4_S12,4_S12_B,3_S15,3_S15_B,3_S15_A,0,1,1,,,127,134,136,143,,,147,151,147,151,,,99 or 101,99 or 101,93,99,,,156,159,153,159
7561,6271,6302,3,4_S2,4_S2_A,3_S14,3_S14_B,3_S14_A,0,1,1,,,131,143,131,134,,,147,151,140,149,,,93,96,99,101,,,153,159,159,169
6705,5598,5970,3,4_S2,4_S2_B,3_S12,3_S12_A,3_S12_B,0,1,1,,,129,129,131,134,,,140,149,140,149,,,99,101,99,101,,,150,159,156,169
7014,6302,6271,3,4_S3,4_S3_A,3_S14,3_S14_A,3_S14_B,0,1,1,,,131,134,131,143,,,140,149,147,151,,,99,101,93,96,,,159,169,153,159
6568,5026,5356,3,4_S3,4_S3_B,3_S1,3_S1_A,3_S1_B,0,1,1,,,121,121,123,131,,,149,151,140,151,,,99,99,99,101,,,153,153,159,169
6621,4968,5438,3,4_S4,4_S4_A,3_S9,3_S9_B,3_S9_A,0,1,1,,,127,134,111,131,,,147,149,145,147,,,101,101,99,99,,,159,169,153,159
6638,5023,5056,3,4_S4,4_S4_B,3_S2,3_S2_B,3_S2_A,0,1,1,,,112,132,124,126,,,147,149,149,149,,,99,99,93,101,,,153,153,159,159
7775,4754,5366,3,4_S5,4_S5_A,3_S5,3_S5_B,3_S5_A,0,1,1,,,129,129,123,134,,,149,149,149,151,,,99,99,99,101,,,159,159,169,169
7400,4906,4838,3,4_S5,4_S5_B,3_S10,3_S10_B,3_S10_A,0,1,1,,,127,133,130,136,,,147,153,149,151,,,99,99,99,99,,,153,162,150,156
6938,4675,5201,3,4_S6,4_S6_A,3_S7,3_S7_B,3_S7_B,0,1,1,,,129,129,129,129,,,149,151,149,149,,,96,101,99,99,,,150,159,150,159
6548,5292,5354,3,4_S6,4_S6_B,3_S3,3_S3_B,3_S3_A,0,1,1,,,123,136,136,136,,,140,149,149,151,,,99,99,99,101,,,159,169,159,159
6471,5599,5452,3,4_S7,4_S7_A,3_S11,3_S11_A,3_S11_B,0,1,1,,,123,137,129,129,,,140,149,140,149,,,96,101,96,101,,,153,153,153,156
7002,6047,5728,3,4_S7,4_S7_B,3_S13,3_S13_A,3_S13_B,0,1,1,,,111,123,125,127,,,140,149,147,153,,,93,101,96,99,,,159,159,156,162
6579,5366,4754,3,4_S8,4_S8_A,3_S5,3_S5_A,3_S5_B,0,1,1,,,123,134,129,129,,,149,151,149,149,,,99,101,99,99,,,169,169,159,159
7782,5668,6299,3,4_S8,4_S8_B,3_S15,3_S15_A,3_S15_B,0,1,1,,,136,143,127,134,,,147,151,147,151,,,93,99,99 or 101,99 or 101,,,153,159,156,159
7629,4838,4906,3,4_S9,4_S9_A,3_S10,3_S10_A,3_S10_B,0,1,1,,,130,136,127,133,,,149,151,147,153,,,99,99,99,99,,,150,156,153,162
7182,5353,5028,3,4_S9,4_S9_B,3_S4,3_S4_B,3_S4_A,0,1,1,,,123,136,111,131,,,149,151,149,151,,,106,106,93,99,,,155,166,153,156
